.Random.seed <-
c(403L, 10L, 759486589L, 1863124340L, -1773737638L, -35192923L, 
621764543L, 439694406L, -2057571632L, -1715364621L, 1707702801L, 
1534942272L, 883871774L, 1687604969L, -774378469L, -1980849110L, 
-91719860L, -1642935025L, -1802194875L, 42473980L, 1844541522L, 
28557773L, 1594024839L, -79133074L, 59311688L, -954621877L, -1575048791L, 
273843448L, -1691832282L, 546455873L, 1329151699L, -21485950L, 
-1622299468L, 1586320439L, -2124458195L, 1482642500L, 797317482L, 
-312904235L, 537465711L, -1366947210L, 4517280L, -2071307677L, 
-1954297087L, 1246388848L, -1393369586L, -334776711L, 669942283L, 
-1137575110L, -456236484L, 41427327L, -1709577515L, -1809880340L, 
-1741759422L, -1433160803L, 1868057111L, 781324158L, -683958984L, 
1065966107L, -1069481095L, 431977928L, 488106486L, 1307106353L, 
-1582850461L, 593404466L, 486141828L, -581648953L, -677276515L, 
-1511435244L, 802075322L, 720360197L, -49993505L, 1022021990L, 
1709823216L, -1454792685L, 1890502065L, 1343438944L, -1134621186L, 
-2108483191L, 1918480059L, 1608034954L, 1644189036L, -981077265L, 
1045998885L, -1176749092L, -25601614L, -1457776467L, 686803047L, 
603004814L, -717420440L, -811166613L, 288783881L, 1099841688L, 
682634182L, -352674015L, 911387571L, 271418146L, -287714028L, 
-1170811497L, -1584386675L, -930435932L, 705711754L, 397722869L, 
-1566737585L, -879279018L, 2120386304L, 1102905923L, -1724950047L, 
1425636688L, -220367954L, 944058713L, -646598805L, 1328717530L, 
-598167652L, 465834911L, 1593702901L, 985037964L, 394298722L, 
-979707587L, -483364425L, 295450206L, -2135040104L, -432492805L, 
759776921L, 227340072L, 421299670L, -208418223L, 809689347L, 
783465618L, -304434652L, 466799847L, -1833492163L, 1338758580L, 
1527155226L, -1873923739L, 1838637055L, 360412806L, -424112624L, 
-567192397L, 459927377L, 400589568L, -1959405090L, 1639023145L, 
-1827999269L, -1542463766L, -266539892L, -465218609L, 1150544773L, 
1398573116L, 988662034L, 2129993229L, 965102919L, 559793966L, 
-1288013176L, 1762421643L, -448468119L, -817633992L, 1403414502L, 
759168897L, 589485843L, -1073069886L, -1757291660L, 414295927L, 
-961937299L, -284926204L, -1604657622L, 535663509L, -1670219729L, 
-1604120266L, 1922232672L, 933269411L, 1799682241L, 1632397488L, 
496482254L, 1076489017L, -2024545461L, -1047488262L, 1432437244L, 
-1656987073L, -1384569067L, 1234736172L, -1603097342L, -1166637603L, 
-453004073L, 93126590L, -776283656L, 1984028123L, -287067079L, 
1561359752L, 245653814L, 173284209L, 580917667L, 1407263986L, 
1007687748L, -434242809L, -2131764515L, -209435692L, -1646607622L, 
-325659067L, -341692769L, 160535590L, 1770635440L, 1481292115L, 
46277745L, 1415600544L, 1318442302L, -83725239L, 2084651259L, 
-489969462L, -1397805524L, -1056976337L, 996608741L, 1637240732L, 
-517068302L, -535591827L, -1371970137L, 143134670L, -1007497944L, 
-725946581L, -738618039L, -1523557800L, -665152762L, 700317409L, 
-1306191245L, 488694498L, -1084916140L, 1567491927L, -260293811L, 
2094763748L, -627454262L, 1615339354L, -1770340208L, -1576628356L, 
638186772L, 2004433218L, -1338649344L, -1640214084L, 411006288L, 
63176994L, -516566456L, 148116492L, -741633444L, -1242704430L, 
566128128L, -947513004L, 1227300072L, -220493574L, -1215198512L, 
561110828L, -1413548812L, 1981648274L, 1452736864L, 1987563532L, 
1512446176L, -1846901150L, -1181179736L, -1698467764L, -1151170692L, 
987368754L, 1136881264L, -739760316L, -1827021864L, -287586438L, 
-1719344080L, 925738940L, 1298098772L, 1057073218L, 824350368L, 
39965372L, 1184964560L, -1892859550L, -194245912L, -1254847284L, 
2110069244L, 309834226L, 41027712L, -1445397004L, -629962104L, 
-1994414278L, 384258384L, -96866196L, 1449244052L, 884704338L, 
-2102390304L, -76300084L, -433239392L, -1366881918L, -1902687000L, 
471339756L, -263845572L, -1818614670L, -1381511568L, 226936356L, 
634222648L, -1372822246L, 1100259536L, 1085726012L, -1555660908L, 
-423161982L, -1741398080L, 1104963132L, 463575440L, 596309026L, 
-1794582264L, -1569639284L, 641426204L, 1766582418L, -1484039808L, 
2120023060L, 1221300008L, 476862010L, 815276496L, -493072020L, 
1034811316L, 1878691346L, -1108610080L, -534268468L, 151065824L, 
1680080930L, -152778968L, 1884726796L, 1081008956L, 569046002L, 
-1166030096L, -648721852L, 473744984L, -1679505606L, 2076189680L, 
432158396L, -379095788L, -399257406L, 180190304L, 602306940L, 
-1168267312L, -1961547486L, -1934033240L, -2138895476L, -1196659524L, 
-112926926L, -325168576L, -803986252L, -985082808L, 1759164858L, 
-1077981680L, 345422060L, 1274014036L, -1936742638L, -641808992L, 
-1478743348L, 1191880288L, 1475137474L, -211303640L, 67632556L, 
1175245116L, 614330226L, -1351532240L, -689742044L, -911100616L, 
-1254991142L, -1076455536L, 1843614460L, 1941888916L, 1582110786L, 
-1352741632L, -1723356100L, 1359969616L, 1943316642L, -893073592L, 
-566831348L, -1296254244L, -980925614L, 558203520L, -2075219884L, 
1702231016L, 331020026L, -172021424L, 171639596L, -377571468L, 
1500066706L, -1336207776L, -1557102708L, -279977120L, -1139816478L, 
692842408L, 620551372L, -563851780L, 2099186610L, 559688176L, 
-642594364L, -1561202344L, -1700682374L, 1203810736L, -1081847876L, 
-1563422636L, -115178558L, 66741280L, 553839804L, -144692656L, 
138170338L, -128010648L, 1196444236L, -827932420L, -1832783886L, 
634043648L, 884512628L, 99180552L, -1627408966L, -1166705200L, 
-132119572L, 1064837012L, -1890612270L, -1294010528L, -532400820L, 
-2003444448L, -30616702L, -1576187160L, 703870188L, -1227457988L, 
1287707506L, -623375760L, 1731463204L, 503363384L, -641942374L, 
13464272L, -1238212420L, 1850992276L, -658708862L, -1753899840L, 
1068118332L, -1092976496L, 939170338L, -217745912L, 1624019212L, 
1211032220L, 111820306L, 422342016L, -186618348L, 604382760L, 
1693226298L, -2125289520L, -526663060L, 2119796532L, -1992854894L, 
-986973856L, -2049023668L, 794394592L, -720916574L, 21428136L, 
-621618292L, -1001498948L, -1208558734L, -394802960L, -1049782204L, 
-651575976L, -153844678L, -1014865040L, -190200772L, -826414213L, 
-516592419L, 970448138L, 498034728L, -103646063L, -956528509L, 
1907779972L, 136157106L, -581199609L, -1959863471L, -1310119210L, 
-1026223180L, 789294021L, 1949969167L, 703773064L, 34315430L, 
1588038739L, -2021356107L, -505060590L, -792612640L, -261638839L, 
288663419L, -1125580212L, 791186394L, 1170072015L, -1833273447L, 
1691291566L, -134277956L, -1918718675L, 1922358999L, 758605600L, 
-587657090L, 1523840587L, -932492211L, -556772742L, 593185464L, 
-1980809119L, 399770131L, -690206668L, 1362216514L, 1169773143L, 
-1195335263L, 981262950L, 1182171748L, -1037217387L, 2010024639L, 
738210392L, -225319306L, 969882243L, 1060527813L, 1257786338L, 
1619199568L, -2015505543L, -2042906453L, 1187057692L, -1509785782L, 
922400575L, -464696951L, -315778658L, -520613812L, 577215005L, 
-1593051225L, -901821744L, 1978375278L, 976741147L, 681450621L, 
-1134251414L, -294780152L, 1804864433L, -1296548829L, -810199772L, 
724480466L, -1250766297L, -953893775L, 1330963126L, 1531047508L, 
-237727003L, -1593110801L, -1208882648L, 768097926L, -2133985101L, 
232132117L, 1146790002L, 787418304L, -1204944599L, -1469466725L, 
577310828L, 1924605050L, -52818513L, -1587442503L, -814025010L, 
191403036L, -1481095283L, -1953656329L, 1759823104L, 403870558L, 
1251808299L, 325897005L, -2081671270L, -2020031144L, 1044080833L, 
116111219L, -1374856044L, -1537971934L, 1314035767L, -1130444543L, 
782015494L, -1988937148L, 1048007541L, -1736075553L, 1858802232L, 
-1695245802L, -101609949L, -433640987L, -1445349374L, 1784935024L, 
1076992025L, -1578257909L, 1900091644L, 1380263210L, -750478497L, 
-86545687L, -103222786L, 2012118508L, -1617973955L, -1895344889L, 
1579160816L, -560813938L, 23978683L, -46876003L, -861970870L, 
751527016L, -527762351L, -763427005L, 1977107012L, 1772335346L, 
-1666188089L, -387783023L, 757364758L, -1729019276L, 1379423493L, 
1906264911L, 939787592L, 709736678L, -2077151725L, -2046520971L, 
